	Epi	meanEpi	meanOther	pval
0	IIKDYGKQM	0.778010479806485	0.8612215837480859	6.21060381378003e-12
1	ILKEPVHGV	0.8720074611012878	0.8751416526971527	0.9358927442669186
2	LLLGIGILV	0.8815193156488939	0.8664160354371138	0.5193691540659329
3	FLKEKGGL	0.8485267822725445	0.881248231236424	3.244265572327255e-05
4	GLNKIVRMY	0.8379373201817679	0.8636379457220544	0.08631536372704106
5	FLKEMGGL	0.375798918262445	0.9144283943664782	2.6736006227318825e-09
6	HPVGEADYFEY	0.789740136704002	0.8617342268030279	1.1637211111888264e-09
7	GLCTLVAML	0.844088195034926	0.8846325888433022	1.606322290390099e-194
8	PKYVKQNTLKLAT	0.8458291347624634	0.8571375173078577	0.00026137710027647454
9	FLRGRAYGL	0.7597968283503566	0.8399735919478828	2.5526608408814587e-09
10	EPLPQGQLTAY	0.799678776532361	0.8758865865086154	1.6953441114836543e-08
11	LPEPLPQGQLTAY	0.8411807014813639	0.8434777582709936	0.7942038866072201
12	CINGVCWTV	0.8507387821981419	0.8669290756749648	0.2608890837763068
13	IPSINVHHY	0.8728032941064007	0.8701169032371698	0.00725307906333054
14	LPPIVAKEI	0.8247674342770818	0.8548000602290103	0.002283849231008171
15	YSEHPTFTSQY	0.8581813939533859	0.8509767521239862	0.7533052881761028
16	KRWIIMGLNK	0.8077358195196342	0.8428838386082823	9.381120932776043e-12
17	QASQEVKNW	0.8612074383067808	0.8686098996126205	0.6431867112067674
18	TAFTIPSI	0.7889248114211518	0.8456572805842364	0.004903118889850956
19	CTELKLSDY	0.8895218932117827	0.8280320335254646	0.49565578361644136
20	CVNGSCFTV	0.872747852183755	0.8759823809070179	0.7993387591913887
21	VSFIEFVGW	0.8702295671650899	0.8749643424234322	0.3406815142591527
22	RLRPGGKKK	0.8378124902946342	0.8609887044291791	0.22923934873003593
23	YPLHEQHGM	0.877910375506073	0.8665043376549872	0.35859204222024244
24	GPGHKARVL	0.8552088038054608	0.8613276508076592	0.004360416147286119
25	TPRVTGGGAM	0.8522778317237892	0.8699533985650213	1.6847200268908762e-25
26	RAKFKQLL	0.8502544637096204	0.8631995879672736	1.0115997392490042e-37
27	VTEHDTLLY	0.8462265566798843	0.8537625133048534	0.49281681142861156
28	ATDALMTGY	0.8489400365702736	0.8737985245912228	1.2443205347186302e-28
29	FLKETGGL	0.375798918262445	0.9144283943664782	2.6736006227318825e-09
30	ELRRKMMYM	0.8556147221936565	0.8755509572708655	0.38891625092720716
31	HPKVSSEVHI	0.832115949858837	0.8685102729216946	0.0013949752637204128
32	IVTDFSVIK	0.8223996915217164	0.8667402677254741	0.005274131845486289
33	FRDYVDRFYKTLRAEQASQE	0.7645624900876515	0.8472063004024518	5.6489480753855105e-64
34	TPQDLNTML	0.822349044054334	0.863593669997409	5.719429895805788e-30
35	LLWNGPMAV	0.8153967040085947	0.8513231966101815	1.2438034906676612e-243
36	VLEETSVML	0.8228844350622712	0.8890690633539219	0.03520859961475851
37	GPGMKARVL	0.4574180287821407	0.8193819800092008	9.240527818236057e-07
38	ISPRTLNAW	0.84489614997602	0.8582900765532493	0.7928758884343958
39	KAFSPEVIPMF	0.8016460553501455	0.8730686961285661	4.216541135858597e-174
40	KINAWIKVV	0.8491681399166143	0.8635044353465291	0.6899400167192702
41	NLVPMVATV	0.8576777079472341	0.870368278002144	2.5354367034819146e-22
42	HSKKKCDEL	0.8345676356693833	0.8826166982025868	5.83210079529322e-14
43	QVPLRPMTYK	0.857242684919279	0.8813505459152918	0.1615120774176887
44	FLKEQGGL	0.37579891826244505	0.9144283943664782	2.6736006227318825e-09
45	RPPIFIRRL	0.8099113207171178	0.8479130688944845	2.521061729927975e-07
46	FPTKDVAL	0.7933069435489586	0.8907387095213332	2.2231773431254793e-10
47	QIKVRVDMV	0.8580362376588078	0.8636701188156465	0.15659534352896204
48	KRWIILGLNK	0.8444294593099481	0.8548844911756202	8.026318715741157e-16
49	LLFGYPVYV	0.5553397575486924	0.8520995200305321	0.00017581681165275211
50	AVFDRKSDAK	0.7224559053043664	0.8615012966597615	0.05343062942357184
51	LPRRSGAAGA	0.7535861901311199	0.8371984540767392	9.508154301137586e-06
52	TLNAWVKVV	0.9110050728238567	0.8577102027878653	0.05710694882337788
53	TPGPGVRYPL	0.8310302270703337	0.8713659209973484	0.0013306311914068791
54	GILGFVFTL	0.8540075265514552	0.8569993330991629	0.003052414905502452
55	YVLDHLIVV	0.8676717983429272	0.8667340642906126	0.007925614930361619
56	FPRPWLHGL	0.7774720090002424	0.8634651295314327	4.874011937888498e-51
57	SLYNTVATL	0.8716382771954252	0.8852396908413398	0.11167866901572569
58	EIYKRWII	0.8690427292400572	0.8744230633189277	0.752278687148146
59	DRFYKTLRAEQASQEV	0.8348168014442231	0.8396831935965491	0.6552664959851389
60	Total	0.8013815071088689	0.8652746813657543	1.2659655070243074e-08
