	Epi	meanEpi	meanOther	pval
0	GTSGSPIIDK	89.6608187134503	90.35763421564229	0.8039106393822871
1	QIKVRVKMV	93.87272727272727	92.28824362606233	0.5133929207442224
2	GLNKIVRMY	88.74358974358974	91.48383579567137	0.2815267738750198
3	RAKFKQLL	90.71375430956269	91.66618525274231	0.003783081530759299
4	GTSGSPIVNR	73.04970914859862	85.13063256971995	9.05647982648553e-220
5	LPRRSGAAGA	74.66666666666667	84.94468579511012	5.213599696215334e-05
6	FLKEQGGL	60.833333333333336	127.5878712871287	3.4308598154501934e-09
7	IIKDYGKQM	81.84967320261438	91.94099317634993	5.4788297944356205e-08
8	GTSGSPIINR	76.19237588652483	86.1146003903008	2.351687095745293e-99
9	TAFTIPSI	79.6923076923077	88.38213487433899	9.467651610933951e-05
10	TPRVTGGGAM	96.2340108401084	95.29219199893649	1.8186277977224443e-26
11	QASQEVKNW	89.85714285714286	91.35072515033605	0.5066554344336629
12	FLGKIWPSHK	69.52380952380952	82.8721964033138	0.00016417137654088767
13	VAANIVLTV	92.32967032967034	91.0047855370436	0.476750130371134
14	EPLPQGQLTAY	82.18550724637682	89.50080457950828	7.883589681350011e-10
15	CTELKLSDY	88.0	89.8954802259887	0.6460686395283957
16	LPPIVAKEI	71.89473684210526	85.39097690941385	5.336452129097383e-32
17	MLNIPSINV	93.19658119658119	91.88698955365622	0.0278591758107231
18	PKYVKQNTLKLAT	89.28571428571429	90.37709156193895	0.016097401036302583
19	FLKETGGL	60.833333333333336	127.5878712871287	3.4308598154501934e-09
20	FLKEKGGL	106.23757904245709	100.39772032569307	1.4684315598196282e-89
21	SFHSLHLLF	87.5060606060606	92.79651931501394	2.695008560734346e-18
22	GPGHKARVL	86.47625243981783	88.88900812214054	2.4841466116422466e-10
23	SLYNTVATL	94.83836206896552	93.50518844047674	0.010994694260828913
24	HSKKKCDEL	90.18226600985221	92.44342173175707	0.06232728091477326
25	RLRPGGKKK	82.86315789473684	88.7022399062117	4.497134229168363e-06
26	KRWIILGLNK	79.93821957236842	87.06978525574763	0.0
27	LLWNGPMAV	78.0709935897436	87.0868989019311	0.0
28	NLSALGIFST	91.34640522875817	91.13597996292351	0.7628083983371265
29	KLVALGINAV	79.28811188811189	86.21066138449163	1.2785961126895346e-88
30	ARMILMTHF	75.14285714285714	85.77561123459284	0.009092901608809285
31	GILGFVFTL	73.9010101010101	85.17890778286461	1.5553353953355599e-234
32	ELAGIGILTV	73.11111111111111	86.7954119021489	2.438567473953168e-09
33	TLNAWVKVV	94.5	89.71697280113034	0.2872347539372152
34	EIYKRWII	92.91639344262295	93.44340893779474	0.7679068887689691
35	LLLGIGILV	97.44444444444444	94.0776912793898	0.22490109955063786
36	CINGVCWTV	95.8520625889047	93.87573151685076	3.4233920058832095e-06
37	FLRGRAYGL	77.86813186813187	86.69274789830853	1.8268542821510463e-05
38	RPRGEVRFL	87.72727272727273	92.17406766033768	0.0008927497310526873
39	ELRRKMMYM	98.0	97.49505475097139	0.878020098928376
40	CVNGSCFTV	99.28787878787878	95.08575392608336	0.016785161677912035
41	VLEETSVML	96.08791208791209	94.95161167801889	0.1109194052090485
42	RPHERNGFTVL	90.24761904761905	95.04021121039806	0.13200099511475824
43	QVPLRPMTYK	99.3763440860215	96.2181150916914	7.257649763020297e-07
44	VSFIEFVGW	92.62637362637362	92.91021420975338	0.5213981903909771
45	IPSINVHHY	84.47489413188143	92.50388660549092	2.6709626901673e-47
46	QIKVRVDMV	92.2	93.22493224932249	0.5587907168631842
47	RLRPGGKKR	79.31168831168831	87.65670828108816	3.241035373467419e-06
48	FRDYVDRFYKTLRAEQASQE	86.16510731975784	93.44267922553637	3.612778918100664e-179
49	RPHERNGFTV	55.0	88.54907677356657	0.07936885448573304
50	TPGPGVRYPL	93.78219696969697	95.05578326934516	0.8903611249893507
51	KINAWIKVV	110.0	101.34498587570621	0.6863426208339247
52	GLCTLVAML	92.15360242457639	94.1932313014245	0.0021382198345029535
53	ILKEPVHGV	88.9047619047619	91.15184885835522	0.5746715098433386
54	KAFSPEVIPMF	81.09960007617596	91.83800409387483	0.0
55	NLVPMVATV	95.05459205933683	94.15786196241645	5.173826974695479e-33
56	FPTKDVAL	85.4888888888889	89.93989380530974	0.04414723578556107
57	YSEHPTFTSQY	84.83625730994152	89.82702227870813	9.41652722555107e-06
58	QYDPVAALF	90.74545454545455	92.63597733711048	0.6482585557072291
59	TPQDLNTML	87.98536585365854	91.8458892749271	0.000520338288000162
60	ISPRTLNAW	90.97402597402598	91.64706072455806	0.4881376410718159
61	AVFDRKSDAK	70.02857142857142	88.39663442635842	0.00035831760139269604
62	DRFYKTLRAEQASQEV	78.16666666666667	85.20337336630166	0.13228776859796568
63	HPKVSSEVHI	85.77	90.61111743772241	0.00023263014681656
64	IVTDFSVIK	89.14379084967321	93.41484242495957	0.37428972877792854
65	FLKEMGGL	60.833333333333336	127.5878712871287	3.4308598154501934e-09
66	KLSALGINAV	90.4	90.91356890459365	0.9157038283350232
67	HPVGEADYFEY	72.26877470355731	86.67258867551102	2.3762593430842854e-24
68	VTEHDTLLY	86.13888888888889	89.73476448847998	0.5040343114217275
69	GPGMKARVL	20.0	77.92679265277287	2.1922755223876685e-09
70	RLRPGGRKR	73.8	86.19757232926757	0.0021395394491920835
71	FPRPWLHGL	74.71954022988506	90.39769459298871	7.318937552359614e-71
72	YPLHEQHGM	96.36111111111111	92.56389085476134	0.03991580345973446
73	LPEPLPQGQLTAY	83.7	87.00007071135624	0.3414800571973369
74	ATDALMTGY	91.26408328513591	93.34459467034384	0.26030856354765364
75	LLFGYPVYV	76.33333333333333	95.48185673892554	0.07611274418501832
76	YVLDHLIVV	91.90058055152394	92.02127558563814	0.42602655145893886
77	KRWIIMGLNK	77.72258064516129	86.23317838733432	2.055736279047218e-34
78	RPPIFIRRL	85.01432664756447	89.08080301791226	1.0430109782682072e-05
79	Total	84.36954809204431	92.0825594669133	1.0784507917644585e-08
