	Epi	meanEpi	meanOther	pval
0	GTSGSPIIDK	2.0709219858156027	2.182150110677529	0.15935064737248228
1	QIKVRVKMV	1.9090909090909092	2.0918732125834127	0.3686160078580768
2	GLNKIVRMY	2.246153846153846	2.22721044045677	0.6542345231856301
3	RAKFKQLL	2.0460839954597048	2.185096717066447	1.3022344957544883e-18
4	GTSGSPIVNR	2.3426110006626906	2.3624948225873257	0.6474493836534028
5	LPRRSGAAGA	2.3529411764705883	2.170440929786724	0.12568427288229353
6	FLKEQGGL	1.0	5.140585923544123	1.6509547881094647e-06
7	IIKDYGKQM	2.4710743801652892	2.3166825775656323	0.007081399037733566
8	GTSGSPIINR	2.440803382663848	2.3797437626432907	0.48830460796879105
9	TAFTIPSI	2.3333333333333335	2.2030043199371647	0.03204372862101198
10	TPRVTGGGAM	1.892289280218841	2.259138993520082	5.773792870414071e-162
11	QASQEVKNW	2.9166666666666665	2.6532145982395634	0.9087271395345886
12	FLGKIWPSHK	1.5714285714285714	2.131999265650817	0.07745452963287602
13	VAANIVLTV	2.116883116883117	2.208872343725764	0.665854926106365
14	EPLPQGQLTAY	1.790794979079498	2.010453243579993	0.012596083769047438
15	CTELKLSDY		1.8614001892147587	
16	LPPIVAKEI	1.6106194690265487	2.091226118397125	3.841466606906025e-09
17	MLNIPSINV	2.6990291262135924	2.493993693762978	0.0026226692558335616
18	PKYVKQNTLKLAT	2.342412451361868	2.314346372364474	0.09063977138031287
19	FLKETGGL	1.0	5.140585923544123	1.6509547881094647e-06
20	FLKEKGGL	2.765957446808511	2.836681105333347	0.13939675509384136
21	SFHSLHLLF	2.106217616580311	2.182176755753743	0.4251534648803944
22	GPGHKARVL	2.3175832687838884	2.340398201669878	0.8048279484495127
23	SLYNTVATL	2.9234567901234567	2.6100182736751587	8.563969106190057e-07
24	HSKKKCDEL	2.291793313069909	2.2767566603765172	0.15845161135454922
25	RLRPGGKKK	2.1739130434782608	2.132183042533508	0.050253778734538034
26	KRWIILGLNK	2.3754170559188577	2.3578764914797303	0.636589860228688
27	LLWNGPMAV	1.7712208680778276	2.1003744599135863	0.0
28	NLSALGIFST	2.3533834586466167	2.332299460176153	0.6016460520957839
29	KLVALGINAV	2.5783521809369954	2.6305561142397424	0.2565913036052282
30	ARMILMTHF	1.6	1.9680953915565582	0.13816474409382956
31	GILGFVFTL	1.8717948717948718	2.298178912002731	1.3081148891546131e-64
32	ELAGIGILTV	1.4848484848484849	1.972938596491228	0.001313881414165093
33	TLNAWVKVV	2.0	1.8803267829542945	0.26897228454725464
34	EIYKRWII	2.6398416886543536	2.4610787715828226	4.1167497627236867e-10
35	LLLGIGILV	2.7058823529411766	2.489351978795357	0.2527377800763325
36	CINGVCWTV	2.5064935064935066	2.4801832962481547	0.3573795811085816
37	FLRGRAYGL	3.3	2.7550654842309275	0.06696499975868686
38	RPRGEVRFL	1.8918918918918919	2.0897330083111	0.00018036206535899626
39	ELRRKMMYM	2.4	2.534926098400486	0.8668236133398891
40	CVNGSCFTV	2.6724137931034484	2.4933807478346597	0.20725281714196242
41	VLEETSVML	2.4225352112676055	2.3616030375841714	0.823735635483494
42	RPHERNGFTVL	2.300578034682081	2.264603004508785	0.21623883136408872
43	QVPLRPMTYK	2.9278350515463916	2.621116409232316	0.00023807178813917325
44	VSFIEFVGW	2.0144927536231885	2.1500936329588014	0.17909380564970567
45	IPSINVHHY	2.0949957591178965	2.1690609194241364	0.0006488244773880227
46	QIKVRVDMV	1.5	2.1092560046865847	0.022496817921402158
47	RLRPGGKKR	2.1449275362318843	2.2125252656973333	0.895051009302274
48	FRDYVDRFYKTLRAEQASQE	1.9938650306748467	2.169594725615668	1.8938534678407457e-27
49	RPHERNGFTV	4.0	2.3369087751557873	0.0013824906140091232
50	TPGPGVRYPL	2.282511210762332	2.395736757624398	0.0765993531772185
51	KINAWIKVV	4.0	3.1297377904809247	0.26126950144109296
52	GLCTLVAML	2.029723991507431	2.1696189920333686	1.1554761843216977e-11
53	ILKEPVHGV	2.6315789473684212	2.421034201003852	0.3065546422233455
54	KAFSPEVIPMF	2.6990157930876633	2.6494394334639004	0.4232046591029791
55	NLVPMVATV	2.2341407151095733	2.3101419594625026	3.2493960175816145e-34
56	FPTKDVAL	2.317073170731707	2.2924587163595525	0.6410353137816212
57	YSEHPTFTSQY	2.647887323943662	2.4333889741044845	0.013624619879455867
58	QYDPVAALF	1.1764705882352942	1.8507331008696384	1.0768641445878736e-07
59	TPQDLNTML	3.195906432748538	2.6988490732219024	5.837942921450722e-21
60	ISPRTLNAW	2.5076923076923077	2.392784908595877	0.2967190671932277
61	AVFDRKSDAK	1.75	2.0349327838288684	0.4534573127801935
62	DRFYKTLRAEQASQEV	2.0	2.0053559473331846	0.4275904114639666
63	HPKVSSEVHI	1.9115044247787611	2.0771047776685805	0.1320704729215135
64	IVTDFSVIK	1.2079207920792079	1.9996048016598331	2.3604444556008863e-24
65	FLKEMGGL	1.0	5.140585923544123	1.6509547881094647e-06
66	KLSALGINAV	2.2222222222222223	2.17906683480454	0.5988912843694978
67	HPVGEADYFEY	2.8222222222222224	2.6447702184979796	0.20289722481681782
68	VTEHDTLLY	1.3076923076923077	1.9036981509245376	0.0002746177963414958
69	GPGMKARVL		2.133698861239983	
70	RLRPGGRKR	2.3333333333333335	2.0848507462686565	0.07751230147401277
71	FPRPWLHGL	1.641350210970464	2.01468127186977	1.964685359785616e-09
72	YPLHEQHGM	1.5172413793103448	2.00039179195847	0.00413303070455484
73	LPEPLPQGQLTAY	2.25	2.2319542253521125	0.9305544802319708
74	ATDALMTGY	1.8681980794577293	2.1359953703703702	2.1995886741970483e-176
75	LLFGYPVYV	1.0	2.1133447390932423	0.03562156750221274
76	YVLDHLIVV	2.1444043321299637	2.2178270912390694	0.1778503807478975
77	KRWIIMGLNK	1.7353846153846153	2.0477407247004473	7.369327735717207e-12
78	RPPIFIRRL	1.937007874015748	2.0866780249664165	0.0627383664435563
79	Total	2.1773157266853844	2.37769697670648	0.018738412115270435
