	Epi	meanEpi	meanOther	pval
0	IIKDYGKQM	7.57516339869281	8.58831352114205	1.1285617360523903e-09
1	ILKEPVHGV	8.857142857142858	8.86116895737887	0.7878633518402409
2	LLLGIGILV	9.472222222222221	8.908992650237787	0.029016744247924935
3	FLKEKGGL	10.13842746400886	9.876584535394667	1.128578775390994e-09
4	GLNKIVRMY	8.512820512820513	8.7361673414305	0.3714499737147925
5	FLKEMGGL	4.166666666666667	11.788508260447037	2.6577831637096907e-09
6	HPVGEADYFEY	6.7105263157894735	8.354605247072056	4.015057542633693e-29
7	GLCTLVAML	8.873353596757852	9.150226331077395	6.33332179648244e-10
8	PKYVKQNTLKLAT	8.25709219858156	8.527712361593125	1.286812828803917e-09
9	FLRGRAYGL	7.164835164835165	8.19740874895514	1.768744191309171e-07
10	EPLPQGQLTAY	7.213768115942029	8.44318552996897	5.161119501012034e-29
11	LPEPLPQGQLTAY	7.4	7.9957248348231635	0.0785330157658743
12	CINGVCWTV	8.814285714285715	8.816466312552418	0.5329078351779071
13	IPSINVHHY	8.433862433862434	8.643874044463146	0.011895051211758486
14	LPPIVAKEI	6.757894736842105	8.049095354523228	1.4112190416769062e-30
15	YSEHPTFTSQY	8.166666666666666	8.280810286268801	0.8034895911932305
16	KRWIIMGLNK	7.413793103448276	8.184253206860962	3.107427776791155e-29
17	QASQEVKNW	8.428571428571429	8.673006806028196	0.27484181763585924
18	TAFTIPSI	7.076923076923077	8.179787074523917	9.445941341057905e-10
19	CTELKLSDY	8.333333333333334	8.336728095699968	0.8846409360256984
20	CVNGSCFTV	9.424242424242424	9.059059912323429	0.027966613023079276
21	VSFIEFVGW	8.87912087912088	8.856063244410391	0.29937218985795866
22	RLRPGGKKK	7.694444444444445	8.291990920881972	0.041795219653861196
23	YPLHEQHGM	8.86111111111111	8.686121919584954	0.47825623562755115
24	GPGHKARVL	8.476094276094276	8.620126639529625	0.0008380630599356601
25	TPRVTGGGAM	8.821067031463748	8.90119510676052	0.48221614283055647
26	RAKFKQLL	8.527299111191729	8.691227467931428	1.466479986722299e-19
27	VTEHDTLLY	8.305555555555555	8.48357111975789	0.8607088415883831
28	ATDALMTGY	8.703494094488189	8.866223541559112	0.25866702254815843
29	FLKETGGL	4.166666666666667	11.788508260447037	2.6577831637096907e-09
30	ELRRKMMYM	8.666666666666666	8.93510431829209	0.9736036832794901
31	HPKVSSEVHI	7.98	8.61735294117647	2.483811559106246e-09
32	IVTDFSVIK	8.147058823529411	8.721564797794118	0.004013136876354031
33	FRDYVDRFYKTLRAEQASQE	6.798319327731092	8.315552427867699	2.5624034976843493e-125
34	TPQDLNTML	8.168292682926829	8.636713101320737	9.959500605761556e-11
35	LLWNGPMAV	7.67368301285698	8.378560740883483	0.0
36	VLEETSVML	8.964285714285714	9.410817380735338	0.6494489279299593
37	GPGMKARVL	2.1666666666666665	7.353711790393013	2.9140295288234897e-09
38	ISPRTLNAW	8.203463203463203	8.526787700796511	0.03680537192655997
39	KAFSPEVIPMF	7.8555111364934325	8.801292519026553	5.10146108222543e-276
40	KINAWIKVV	11.0	9.806821855803427	0.0906141467565504
41	NLVPMVATV	8.970419254658385	8.922957226368808	6.304706887533926e-16
42	HSKKKCDEL	8.532019704433498	8.896314612831109	0.0001984050698069231
43	QVPLRPMTYK	10.043956043956044	9.538065055373686	0.0001705294245203709
44	FLKEQGGL	4.166666666666667	11.788508260447037	2.6577831637096907e-09
45	RPPIFIRRL	7.7	8.28365262063962	3.957800893017211e-08
46	FPTKDVAL	8.377777777777778	8.94	0.02017256319679844
47	QIKVRVDMV	8.266666666666667	8.613161728994658	0.8766387863233623
48	KRWIILGLNK	7.882231404958677	8.425055481391414	1.9503128212611477e-207
49	LLFGYPVYV	6.0	8.703140174813855	0.0023208518135762525
50	AVFDRKSDAK	6.527777777777778	8.394455252918288	0.0002333348686454037
51	LPRRSGAAGA	6.714285714285714	8.0183951131473	1.5768480681965046e-06
52	TLNAWVKVV	9.333333333333334	8.51916545366327	0.08611443787273802
53	TPGPGVRYPL	8.68421052631579	8.916136919315404	0.12559850880812493
54	GILGFVFTL	8.145263157894737	8.488667936810351	2.7402061623596854e-37
55	YVLDHLIVV	8.740203193033382	8.7733410855621	0.7598213616672187
56	FPRPWLHGL	7.062068965517241	8.544013104013104	2.259363623796665e-77
57	SLYNTVATL	9.197628458498023	9.044117020823574	1.669068263404856e-05
58	EIYKRWII	8.210526315789474	8.61484107579462	0.00024280048673214983
59	DRFYKTLRAEQASQEV	7.0	8.021470160116449	0.0375926724008904
60	Total	7.91342377996592	8.79644075817903	5.349893443367719e-07
