	Epi	meanEpi	meanOther	pval
0	GTSGSPIIDK	3.6628859532335394	3.647055968456623	0.29892205716635234
1	QIKVRVKMV	3.8193971435306957	3.6891071761546455	0.020886663699306335
2	GLNKIVRMY	3.734046175984986	3.6921386072863633	0.4002194077625444
3	RAKFKQLL	3.458926564574763	3.5658352102168243	7.91776155113753e-123
4	GTSGSPIVNR	3.309313899836005	3.533008178394603	3.0258638302406166e-60
5	LPRRSGAAGA	3.6558751277611243	3.6319344855834377	0.6916225653165101
6	FLKEQGGL	2.771576097908771	3.8513444153103022	3.4335503890189553e-06
7	IIKDYGKQM	3.151128298058202	3.5417520343814615	4.4983923148677086e-08
8	GTSGSPIINR	3.233877580354935	3.4801232900350265	3.904255119836508e-52
9	TAFTIPSI	3.71522142599483	3.752299284233726	0.03920949325393853
10	TPRVTGGGAM	3.817432112927447	3.7597804904448786	4.3949456255281425e-51
11	QASQEVKNW	3.733526204790986	3.782201614341843	0.5892187852751785
12	FLGKIWPSHK	2.5628415824200745	3.3088207021376546	7.473835546218826e-10
13	VAANIVLTV	3.3490228146268346	3.483971852245194	0.0018031190860712729
14	EPLPQGQLTAY	3.615059544189107	3.7282510995762226	0.7999478566762173
15	CTELKLSDY	2.3518354038182436	3.164930730468613	0.000909542769945777
16	LPPIVAKEI	3.63443474930447	3.781604065433708	0.15743915369473915
17	MLNIPSINV	3.9362126744313457	3.800521356441778	2.5895603924091636e-07
18	PKYVKQNTLKLAT	3.4857249075601504	3.580823517405891	2.5510365538594926e-10
19	FLKETGGL	2.771576097908771	3.8513444153103022	3.4335503890189553e-06
20	FLKEKGGL	3.7721949965450725	3.7378192591834485	1.5904870312006996e-08
21	SFHSLHLLF	4.004322665744347	4.031891892629571	0.07062808441827474
22	GPGHKARVL	3.599506501171908	3.6197023134145114	0.4229280286449365
23	SLYNTVATL	3.710698061632801	3.6946025274420053	0.0014710355184521322
24	HSKKKCDEL	3.8836937460585936	3.8548412423468457	0.00011253608377868533
25	RLRPGGKKK	3.695691816649454	3.771424878164929	0.2814411773920805
26	KRWIILGLNK	3.5117106352161964	3.6246473524143004	5.023126021866823e-71
27	LLWNGPMAV	3.222629343905639	3.4744009563309564	0.0
28	NLSALGIFST	3.692567357427028	3.643018681961874	0.14545473466398628
29	KLVALGINAV	3.408359800036838	3.548559890905718	3.131468523682647e-35
30	ARMILMTHF	3.037826516854174	3.417076695501094	0.0030534061975854595
31	GILGFVFTL	3.403400658343995	3.623726675700277	5.733642372212949e-48
32	ELAGIGILTV	3.05632562948217	3.4884793748936747	4.0919927632324816e-07
33	TLNAWVKVV	3.440176652718607	3.5450173828099123	0.46373366999955945
34	EIYKRWII	4.07441431122214	3.946338857719301	1.0741326457770136e-47
35	LLLGIGILV	3.6505405262057784	3.596358538987119	0.7086873671566432
36	CINGVCWTV	3.3789978950807513	3.5229909271221986	4.752550518050561e-17
37	FLRGRAYGL	3.0165235401301835	3.392040714371327	6.793918848192985e-07
38	RPRGEVRFL	3.58896903235072	3.669906770805504	0.11581967810529123
39	ELRRKMMYM	2.9665791662611007	3.4292028052719896	0.004834166187339361
40	CVNGSCFTV	3.534525417798093	3.6105132737584062	0.1498951015380086
41	VLEETSVML	3.3682701296949	3.5459693512436683	0.029150291494002105
42	RPHERNGFTVL	3.599912061426883	3.8136102782557946	0.48234917598659566
43	QVPLRPMTYK	3.9428905341732667	3.799791183775654	4.2864696594180598e-16
44	VSFIEFVGW	3.6253193328751885	3.6764230794657924	0.7071255886648585
45	IPSINVHHY	3.3298581504435303	3.636211918647118	1.3629203040195972e-61
46	QIKVRVDMV	3.539198396906912	3.671334268007478	0.9048231562606839
47	RLRPGGKKR	3.2329102128393763	3.435717102457439	0.00012439100101309806
48	FRDYVDRFYKTLRAEQASQE	3.489496463622088	3.6569521733889836	1.3272895284786104e-78
49	RPHERNGFTV	2.9244715903814424	4.013309708570674	0.4133197517257622
50	TPGPGVRYPL	3.9840154003625377	3.9122977504070477	1.4721173734896497e-06
51	KINAWIKVV	4.037720731391748	3.713051218045986	0.1450542966670497
52	GLCTLVAML	3.5391613716149357	3.660457567645728	3.7087429241379186e-61
53	ILKEPVHGV	3.303384341443305	3.5646768641275113	0.09192399388320667
54	KAFSPEVIPMF	3.3688094401489934	3.5663606245955304	5.109204478834233e-128
55	NLVPMVATV	3.4752358936683625	3.5794545160215434	2.409845982532708e-181
56	FPTKDVAL	3.5660403114202412	3.611982569560481	0.6410168054251457
57	YSEHPTFTSQY	3.6420103984826238	3.6735394252950178	0.726400384851597
58	QYDPVAALF	3.212617300870149	3.455965090782789	0.001768055528528224
59	TPQDLNTML	3.461314411850086	3.615186408538454	3.097750605662584e-15
60	ISPRTLNAW	3.514482528827204	3.6088603267821098	0.2777303799179769
61	AVFDRKSDAK	2.9005908075943947	3.4591874339498894	0.0022784771796610947
62	DRFYKTLRAEQASQEV	3.052625130274754	3.444625901861036	0.052349304023272536
63	HPKVSSEVHI	3.937624195032786	3.9007320758575323	4.425619730296367e-08
64	IVTDFSVIK	3.081212985654172	3.457651771289188	1.8321237404638368e-19
65	FLKEMGGL	2.771576097908771	3.8513444153103022	3.4335503890189553e-06
66	KLSALGINAV	3.7864094825204426	3.6428305668874077	0.3075921331202246
67	HPVGEADYFEY	3.554820484904712	3.9347446889050794	9.823403423502695e-11
68	VTEHDTLLY	3.5446754296052854	3.61141123063918	0.37749676644641017
69	GPGMKARVL	1.368727090834031	3.1684380245164316	2.468148340823308e-09
70	RLRPGGRKR	3.445278333675339	3.583366076708662	0.6214075179347402
71	FPRPWLHGL	2.9882652315821576	3.5593115353355618	9.130466659243805e-57
72	YPLHEQHGM	3.8691815615687255	3.6948606142853073	0.018955025372645973
73	LPEPLPQGQLTAY	3.398420856902632	3.4463804366087616	0.5762130369206282
74	ATDALMTGY	3.3052246413463493	3.5396279499927976	1.4090466834921932e-301
75	LLFGYPVYV	3.5290380777451418	3.965100370687987	0.9970765720730814
76	YVLDHLIVV	3.554025088970806	3.614357400928158	0.00100172060639696
77	KRWIIMGLNK	3.441968602037443	3.564411568203736	4.896137712984808e-07
78	RPPIFIRRL	3.1369214816045314	3.422228676219173	3.3415788444894125e-22
79	Total	3.420800926737433	3.6321667299923424	1.0784507917644585e-08
