	Epi	meanEpi	meanOther	pval
0	IIKDYGKQM	0.8715850457955683	0.9354192603977547	0.00010468294201951774
1	ILKEPVHGV	0.9441763982776715	0.9434931915692962	0.3799820450930631
2	LLLGIGILV	0.9415579228198546	0.9379982501623485	0.9790164039008268
3	FLKEKGGL	0.9161562162480099	0.9418717821825062	0.00015560945625236967
4	GLNKIVRMY	0.908970489637147	0.9319621903182944	0.029823598188861232
5	FLKEMGGL	0.5068117662548992	0.9529091529627385	2.8285117694739702e-09
6	HPVGEADYFEY	0.8797283956738835	0.9333822707692284	0.0023623181049164774
7	GLCTLVAML	0.9309541558344188	0.9524897173964241	0.49036961708575777
8	PKYVKQNTLKLAT	0.9181506206969053	0.9285313992549729	4.728120241994481e-13
9	FLRGRAYGL	0.8450845049365509	0.9126075334051453	2.1231530476188147e-15
10	EPLPQGQLTAY	0.877535697819492	0.9430910352976982	2.747422990672233e-05
11	LPEPLPQGQLTAY	0.9162223801287988	0.9274258146019024	0.4405579784206788
12	CINGVCWTV	0.9172215322041285	0.9324942637222987	0.3549848585094728
13	IPSINVHHY	0.9286295192031848	0.934125502001755	0.3026899272081832
14	LPPIVAKEI	0.890969360322878	0.9251428910437742	2.058244893094136e-10
15	YSEHPTFTSQY	0.9461316218912805	0.9264007516481169	0.5676738436853697
16	KRWIIMGLNK	0.8966347281169266	0.9229886654119942	2.0721721804163988e-11
17	QASQEVKNW	0.9408990960390279	0.935423922534798	0.3090588039154456
18	TAFTIPSI	0.8780796522090076	0.9307421723397284	0.0062922396655339585
19	CTELKLSDY	0.9551797857273027	0.9174932721782939	0.9684693748733124
20	CVNGSCFTV	0.9412741542306176	0.9408552999125498	0.23042081522586877
21	VSFIEFVGW	0.9352200082288997	0.9409888009953197	0.5509085938314706
22	RLRPGGKKK	0.8992079130896415	0.9231646544412825	0.010183575769820877
23	YPLHEQHGM	0.9291552980521919	0.9293614043897996	0.41120679266078675
24	GPGHKARVL	0.9315838698078536	0.9337680287798912	0.6375104857950205
25	TPRVTGGGAM	0.9178819522561387	0.9352260123353504	7.562871719511098e-65
26	RAKFKQLL	0.924072567666769	0.9340866586513599	1.273133592291916e-47
27	VTEHDTLLY	0.9339448894380405	0.9336994591946319	0.015666797899186895
28	ATDALMTGY	0.9180645176991783	0.9418048751568634	6.310406594726445e-20
29	FLKETGGL	0.5068117662548992	0.9529091529627385	2.8285117694739702e-09
30	ELRRKMMYM	0.9387377690149933	0.9432084110442515	0.3053494551685033
31	HPKVSSEVHI	0.9030046118363623	0.9364021282325418	0.06071134067919508
32	IVTDFSVIK	0.9061138450373422	0.935989569226244	0.06223325338280739
33	FRDYVDRFYKTLRAEQASQE	0.8685764665610644	0.9276778283888374	5.188684141207526e-55
34	TPQDLNTML	0.8907653127195269	0.9312557247076811	2.1578400801129992e-55
35	LLWNGPMAV	0.9031819883028066	0.9279420969564528	1.968126682396612e-103
36	VLEETSVML	0.8844920100971851	0.9422673406342411	0.002384592581427968
37	GPGMKARVL	0.5785489659613046	0.8998908694456055	4.256458250631513e-06
38	ISPRTLNAW	0.9143733827808324	0.9290480623253293	0.012657804637606547
39	KAFSPEVIPMF	0.8806027281922733	0.9372581561102515	3.5247342435678824e-221
40	KINAWIKVV	0.9079735754053982	0.9447874552731126	0.26070681811644536
41	NLVPMVATV	0.9311991953802825	0.9384690381227424	9.314521366230316e-24
42	HSKKKCDEL	0.9079513350268847	0.9507212508776828	1.1282430075943625e-07
43	QVPLRPMTYK	0.9387979103619404	0.9488025618425431	0.011968271294842254
44	FLKEQGGL	0.5068117662548992	0.9529091529627384	2.8285117694739702e-09
45	RPPIFIRRL	0.896845891098255	0.9260424808455473	0.00017799501282528857
46	FPTKDVAL	0.856147876305126	0.9541866027059941	2.8518675112100286e-12
47	QIKVRVDMV	0.898844321868282	0.9326898321511816	0.782782733489052
48	KRWIILGLNK	0.9159243582153728	0.9263031670236876	7.724809460238329e-27
49	LLFGYPVYV	0.7319320402243702	0.9333465067356471	0.0005515715151684181
50	AVFDRKSDAK	0.7968765011584246	0.9345682204327629	0.0008467973429199938
51	LPRRSGAAGA	0.846863622766085	0.9086956567133209	8.837867811035474e-06
52	TLNAWVKVV	0.9523159882636048	0.9269142798181836	0.21439839300829677
53	TPGPGVRYPL	0.901853425608487	0.9341370471014996	0.0005260638390172578
54	GILGFVFTL	0.9213655230329665	0.9274503337348727	2.330012333875829e-16
55	YVLDHLIVV	0.934381792470127	0.9377555874618732	0.05986746126490904
56	FPRPWLHGL	0.8525852457365414	0.9288776447686453	1.0620830706797176e-76
57	SLYNTVATL	0.9218394094197712	0.9405558944681514	0.2805665491618381
58	EIYKRWII	0.93648124031983	0.939094599128668	0.6782576858970149
59	DRFYKTLRAEQASQEV	0.8793362042161464	0.9151437015299083	0.04413058764045879
60	Total	0.8792103355032942	0.9340708097798175	5.290381643435054e-09
