	Epi	meanEpi	meanOther	pval
0	GTSGSPIIDK	1.2584836937122632	1.33132667048928	2.294116332638079e-08
1	QIKVRVKMV	1.3757274527155734	1.430321292021659	0.0075839555430082745
2	GLNKIVRMY	1.3281338931904338	1.3814574930563435	0.02260589920494483
3	RAKFKQLL	1.3527403021968698	1.3422596310471349	3.292609180495281e-09
4	GTSGSPIVNR	1.1725980432889969	1.3185846539058401	1.3077655950916936e-203
5	LPRRSGAAGA	1.3819308122523053	1.3401231642359133	0.05561147794689585
6	FLKEQGGL	1.5151996370235934	1.4457812807515444	0.8737060095883347
7	IIKDYGKQM	1.3294381987855974	1.3633464223816696	4.3299985309080214e-06
8	GTSGSPIINR	1.186067944646098	1.3158592344336248	3.3391132171556466e-109
9	TAFTIPSI	1.2107410947282509	1.3281726564934802	1.8426604879697707e-05
10	TPRVTGGGAM	1.2844429764992418	1.313551447506986	6.857134927376508e-23
11	QASQEVKNW	1.331240783802178	1.3836217537841633	0.01087545850166896
12	FLGKIWPSHK	1.3910978184377198	1.3373291624913621	0.19316570297331492
13	VAANIVLTV	1.3842515000555577	1.3437852928835392	0.1035283089571058
14	EPLPQGQLTAY	1.274261599436366	1.3387695375900874	2.7374125445919016e-22
15	CTELKLSDY	1.313092357330107	1.2804929179868136	0.7478736002396837
16	LPPIVAKEI	1.0715738430127042	1.2818236784080617	2.9111734917750603e-34
17	MLNIPSINV	1.2897074095617074	1.343955091213761	3.127860807932815e-05
18	PKYVKQNTLKLAT	1.3283953720508166	1.3536254806807877	2.0226388780801622e-05
19	FLKETGGL	1.5151996370235934	1.4457812807515444	0.8737060095883347
20	FLKEKGGL	1.375398051972604	1.3660742520219604	0.07654437788811093
21	SFHSLHLLF	1.1955368465864533	1.3035664823083228	2.344902759034833e-49
22	GPGHKARVL	1.3608063319474792	1.3682537762850253	0.47382073214606746
23	SLYNTVATL	1.3676819272876297	1.3694310880815812	0.6030659890879332
24	HSKKKCDEL	1.2890026996639985	1.3572567675803289	4.855115164882408e-10
25	RLRPGGKKK	1.266674228675136	1.327450719679585	5.1263396410166676e-05
26	KRWIILGLNK	1.340628448294389	1.3466145604716537	0.46981046967746853
27	LLWNGPMAV	1.4037496908971774	1.373170522535485	1.1287067642331231e-104
28	NLSALGIFST	1.3813590889740315	1.3598454914765876	0.2088373715474483
29	KLVALGINAV	1.3491353791170242	1.3684168002666606	0.0005371087430200694
30	ARMILMTHF	1.3701016704322382	1.3563760291451936	0.2719696076004975
31	GILGFVFTL	1.3848192805590562	1.3565913755701868	1.8062550950794927e-20
32	ELAGIGILTV	1.1567944646098005	1.3694945765693136	3.659025118153865e-08
33	TLNAWVKVV	1.3832520417422869	1.3827283739913494	0.7680092827538161
34	EIYKRWII	1.3063363330993807	1.358496449608458	6.488517613985936e-31
35	LLLGIGILV	1.3523475835181824	1.3945788436119442	0.1231476340289165
36	CINGVCWTV	1.3848030985054578	1.359331695561855	0.0025384583783586144
37	FLRGRAYGL	1.2000386588392162	1.3162431310065064	8.96575689307196e-07
38	RPRGEVRFL	1.324852733816158	1.3395050918521607	0.4966089619179208
39	ELRRKMMYM	1.0236501814882033	1.3273838709905301	0.0003650237366686199
40	CVNGSCFTV	1.4197119504940514	1.3917188194658183	0.19685156561290673
41	VLEETSVML	1.4224427293603468	1.3797756698671186	0.06091212172822428
42	RPHERNGFTVL	1.0844182500586441	1.406166120365492	1.578315334568733e-45
43	QVPLRPMTYK	1.3466042254079706	1.3774168229890182	3.946720301122688e-07
44	VSFIEFVGW	1.3406005777991779	1.3691575184247704	0.3297181419511659
45	IPSINVHHY	1.322168468420837	1.3562006888636762	3.0918159450872184e-20
46	QIKVRVDMV	1.3651882940108893	1.3139091041502313	0.32956014627121244
47	RLRPGGKKR	1.3071271706096501	1.3518557769853012	0.9693308044865845
48	FRDYVDRFYKTLRAEQASQE	1.5785437938030629	1.3369974101604905	0.0
49	RPHERNGFTV	0.5275635208711433	1.2413753036289306	1.213013494205243e-08
50	TPGPGVRYPL	1.3811929307928317	1.3678301225147944	0.6515637762298744
51	KINAWIKVV	1.4537709215567656	1.5170832500230702	0.4430989504881956
52	GLCTLVAML	1.3959611220312003	1.4236536209734636	3.0166401948645186e-19
53	ILKEPVHGV	1.1701914885736509	1.3830734509078537	4.9674125259785396e-06
54	KAFSPEVIPMF	1.3650267886716323	1.342747677626808	0.05264123822099438
55	NLVPMVATV	1.2957651602768003	1.3577586072715293	0.0
56	FPTKDVAL	1.4353017241379311	1.3909668422658723	0.32622554463288156
57	YSEHPTFTSQY	1.4478340815741713	1.3903798354001318	3.442381258787074e-05
58	QYDPVAALF	1.199929504582202	1.3663911485006306	2.3897442028863656e-07
59	TPQDLNTML	1.0755764490715598	1.3241572317517518	8.83057459490867e-145
60	ISPRTLNAW	1.1491207758995665	1.3066558019170809	9.920491497635273e-22
61	AVFDRKSDAK	1.316548475275033	1.381261508916641	0.01484781057647507
62	DRFYKTLRAEQASQEV	1.4066044691470054	1.3459813400829934	0.30595063284917
63	HPKVSSEVHI	1.3166312159709619	1.3615907236784943	0.0025244977439821885
64	IVTDFSVIK	1.22109352243956	1.3332188607568929	2.3251130851599092e-14
65	FLKEMGGL	1.5151996370235934	1.4457812807515447	0.8737060095883347
66	KLSALGINAV	1.3674682395644282	1.3373132210628922	0.9263953555282385
67	HPVGEADYFEY	1.1703784835271152	1.3781336712417918	5.528879757912985e-69
68	VTEHDTLLY	1.3133584279984765	1.3538948517974783	0.06029674159410106
69	GPGMKARVL	1.3182849364791287	1.295310467593361	0.3901324786560836
70	RLRPGGRKR	1.3271892014519056	1.3462058601791094	0.7692622875728126
71	FPRPWLHGL	1.1716465013107482	1.3064792771313003	2.4845426966553478e-40
72	YPLHEQHGM	1.4095611794492617	1.3853419602738604	0.4988381315973768
73	LPEPLPQGQLTAY	1.2090381125226861	1.34310375627451	0.1984726593714805
74	ATDALMTGY	1.3264496401483905	1.3427959287612774	9.06100450856127e-24
75	LLFGYPVYV	1.2053337366404515	1.3641777614118293	0.005771202337613733
76	YVLDHLIVV	1.3950302738868983	1.3793492852050258	0.00024703003283589283
77	KRWIIMGLNK	1.3446986937004142	1.3368252106533765	0.019307353890325316
78	RPPIFIRRL	1.4083711744950573	1.341691081578708	3.353414261532571e-14
79	Total	1.3080787209976086	1.3568924672421925	0.0006019639873066527
